camera_matrix:
- - 611.4880761967455
  - 0.0
  - 319.14726484541006
- - 0.0
  - 609.9234611812698
  - 243.73808468652115
- - 0.0
  - 0.0
  - 1.0
dist_coeffs:
- 0.09950062845024064
- -0.129679646398333
- 0.0004996523001434527
- 0.0009287372096340519
- -0.2667766396346066
